user1 211 212 212 113 114 0
user2 211 212 212 115 214 0
user3 211 111 111 215 115 0
user4 213 212 212 114 115 0
user5 112 211 211 213 113 0
user6 111 112 112 214 215 0
user7 211 213 213 114 115 0
user8 111 211 211 113 114 0
user9 213 112 112 115 214 0
user10 112 211 211 215 115 0
user11 111 212 212 114 115 0
user12 211 113 113 213 113 0
user13 112 211 211 214 215 0
user14 111 211 211 114 115 0
user15 111 113 113 113 114 0
user16 211 213 213 115 214 0
user17 111 112 112 215 115 0
user18 212 111 111 114 115 0
user19 113 112 112 213 113 0
user20 212 213 213 214 215 0
user21 211 212 212 113 114 0
user22 211 212 212 115 214 0
user23 211 111 111 215 115 0
user24 213 212 212 114 115 0
user25 112 211 211 213 113 0
user26 111 112 112 214 215 0
user27 211 213 213 114 115 0
user28 111 211 211 113 114 0
user29 213 112 112 115 214 0
user30 112 211 211 215 115 0
user31 111 212 212 114 115 0
user32 211 113 113 213 113 0
user33 112 211 211 214 215 0
user34 111 211 211 114 115 0
user35 111 113 113 113 114 0
user36 211 213 213 115 214 0
user37 111 112 112 215 115 0
user38 212 111 111 114 115 0
user39 113 112 112 213 113 0
user40 212 213 213 214 215 0
user41 211 212 212 113 114 0
user42 211 212 212 115 214 0
user43 211 111 111 215 115 0
user44 213 212 212 114 115 0
user45 112 211 211 213 113 0
user46 111 112 112 214 215 0
user47 211 213 213 114 115 0
user48 111 211 211 113 114 0
user49 213 112 112 115 214 0
user50 112 211 211 215 115 0
user51 111 212 212 114 115 0
user52 211 113 113 213 113 0
user53 112 211 211 214 215 0
user54 111 211 211 114 115 0
user55 111 113 113 113 114 0
user56 211 213 213 115 214 0
user57 111 112 112 215 115 0
user58 212 111 111 114 115 0
user59 113 112 112 213 113 0
user60 212 213 213 214 215 0
user61 211 212 212 113 114 0
user62 211 212 212 115 214 0
user63 211 111 111 215 115 0
user64 213 212 212 114 115 0
user65 112 211 211 213 113 0
user66 111 112 112 214 215 0
user67 211 213 213 114 115 0
user68 111 211 211 113 114 0
user69 213 112 112 115 214 0
user70 112 211 211 215 115 0
user71 111 212 212 114 115 0
user72 211 113 113 213 113 0
user73 112 211 211 214 215 0
user74 111 211 211 114 115 0
user75 111 113 113 113 114 0
user76 211 213 213 115 214 0
user77 111 112 112 215 115 0
user78 212 111 111 114 115 0
user79 113 112 112 213 113 0
user80 212 213 213 214 215 0
user81 211 212 212 113 114 0
user82 211 212 212 115 214 0
user83 211 111 111 215 115 0
user84 213 212 212 114 115 0
user85 112 211 211 213 113 0
user86 111 112 112 214 215 0
user87 211 213 213 114 115 0
user88 111 211 211 113 114 0
user89 213 112 112 115 214 0
user90 112 211 211 215 115 0
user91 111 212 212 114 115 0
user92 211 113 113 213 113 0
user93 112 211 211 214 215 0
user94 111 211 211 114 115 0
user95 111 113 113 113 114 0
user96 211 213 213 115 214 0
user97 111 112 112 215 115 0
user98 212 111 111 114 115 0
user99 113 112 112 213 113 0
user100 212 213 213 214 215 0
user101 211 212 212 113 114 0
user102 211 212 212 115 214 0
user103 211 111 111 215 115 0
user104 213 212 212 114 115 0
user105 112 211 211 213 113 0
user106 111 112 112 214 215 0
user107 211 213 213 114 115 0
user108 111 211 211 113 114 0
user109 213 112 112 115 214 0
user110 112 211 211 215 115 0
user111 111 212 212 114 115 0
user112 211 113 113 213 113 0
user113 112 211 211 214 215 0
user114 111 211 211 114 115 0
user115 111 113 113 113 114 0
user116 211 213 213 115 214 0
user117 111 112 112 215 115 0
user118 212 111 111 114 115 0
user119 113 112 112 213 113 0
user120 212 213 213 214 215 0
user121 211 212 212 113 114 0
user122 211 212 212 115 214 0
user123 211 111 111 215 115 0
user124 213 212 212 114 115 0
user125 112 211 211 213 113 0
user126 111 112 112 214 215 0
user127 211 213 213 114 115 0
user128 111 211 211 113 114 0
user129 213 112 112 115 214 0
user130 112 211 211 215 115 0
user131 111 212 212 114 115 0
user132 211 113 113 213 113 0
user133 112 211 211 214 215 0
user134 111 211 211 114 115 0
user135 111 113 113 113 114 0
user136 211 213 213 115 214 0
user137 111 112 112 215 115 0
user138 212 111 111 114 115 0
user139 113 112 112 213 113 0
user140 212 213 213 214 215 0
user141 211 212 212 113 114 0
user142 211 212 212 115 214 0
user143 211 111 111 215 115 0
user144 213 212 212 114 115 0
user145 112 211 211 213 113 0
user146 111 112 112 214 215 0
user147 211 213 213 114 115 0
user148 111 211 211 113 114 0
user149 213 112 112 115 214 0
user150 112 211 211 215 115 0
user151 111 212 212 114 115 0
user152 211 113 113 213 113 0
user153 112 211 211 214 215 0
user154 111 211 211 114 115 0
user155 111 113 113 113 114 0
user156 211 213 213 115 214 0
user157 111 112 112 215 115 0
user158 212 111 111 114 115 0
user159 113 112 112 213 113 0
user160 212 213 213 214 215 0
user161 211 212 212 113 114 0
user162 211 212 212 115 214 0
user163 211 111 111 215 115 0
user164 213 212 212 114 115 0
user165 112 211 211 213 113 0
user166 111 112 112 214 215 0
user167 211 213 213 114 115 0
user168 111 211 211 113 114 0
user169 213 112 112 115 214 0
user170 112 211 211 215 115 0
user171 111 212 212 114 115 0
user172 211 113 113 213 113 0
user173 112 211 211 214 215 0
user174 111 211 211 114 115 0
user175 111 113 113 113 114 0
user176 211 213 213 115 214 0
user177 111 112 112 215 115 0
user178 212 111 111 114 115 0
user179 113 112 112 213 113 0
user180 212 213 213 214 215 0
user181 211 212 212 113 114 0
user182 211 212 212 115 214 0
user183 211 111 111 215 115 0
user184 213 212 212 114 115 0
user185 112 211 211 213 113 0
user186 111 112 112 214 215 0
user187 211 213 213 114 115 0
user188 111 211 211 113 114 0
user189 213 112 112 115 214 0
user190 112 211 211 215 115 0
user191 111 212 212 114 115 0
user192 211 113 113 213 113 0
user193 112 211 211 214 215 0
user194 111 211 211 114 115 0
user195 111 113 113 113 114 0
user196 211 213 213 115 214 0
user197 111 112 112 215 115 0
user198 212 111 111 114 115 0
user199 113 112 112 213 113 0
user200 212 213 213 214 215 0
user201 211 212 212 113 114 0
user202 211 212 212 115 214 0
user203 211 111 111 215 115 0
user204 213 212 212 114 115 0
user205 112 211 211 213 113 0
user206 111 112 112 214 215 0
user207 211 213 213 114 115 0
user208 111 211 211 113 114 0
user209 213 112 112 115 214 0
user210 112 211 211 215 115 0
user211 111 212 212 114 115 0
user212 211 113 113 213 113 0
user213 112 211 211 214 215 0
user214 111 211 211 114 115 0
user215 111 113 113 113 114 0
user216 211 213 213 115 214 0
user217 111 112 112 215 115 0
user218 212 111 111 114 115 0
user219 113 112 112 213 113 0
user220 212 213 213 214 215 0
user221 211 212 212 113 114 0
user222 211 212 212 115 214 0
user223 211 111 111 215 115 0
user224 213 212 212 114 115 0
user225 112 211 211 213 113 0
user226 111 112 112 214 215 0
user227 211 213 213 114 115 0
user228 111 211 211 113 114 0
user229 213 112 112 115 214 0
user230 112 211 211 215 115 0
user231 111 212 212 114 115 0
user232 211 113 113 213 113 0
user233 112 211 211 214 215 0
user234 111 211 211 114 115 0
user235 111 113 113 113 114 0
user236 211 213 213 115 214 0
user237 111 112 112 215 115 0
user238 212 111 111 114 115 0
user239 113 112 112 213 113 0
user240 212 213 213 214 215 0
user241 211 212 212 113 114 0
user242 211 212 212 115 214 0
user243 211 111 111 215 115 0
user244 213 212 212 114 115 0
user245 112 211 211 213 113 0
user246 111 112 112 214 215 0
user247 211 213 213 114 115 0
user248 111 211 211 113 114 0
user249 213 112 112 115 214 0
user250 112 211 211 215 115 0
user251 111 212 212 114 115 0
user252 211 113 113 213 113 0
user253 112 211 211 214 215 0
user254 111 211 211 114 115 0
user255 111 113 113 113 114 0
user256 211 213 213 115 214 0
user257 111 112 112 215 115 0
user258 212 111 111 114 115 0
user259 113 112 112 213 113 0
user260 212 213 213 214 215 0
user261 211 212 212 113 114 0
user262 211 212 212 115 214 0
user263 211 111 111 215 115 0
user264 213 212 212 114 115 0
user265 112 211 211 213 113 0
user266 111 112 112 214 215 0
user267 211 213 213 114 115 0
user268 111 211 211 113 114 0
user269 213 112 112 115 214 0
user270 112 211 211 215 115 0
user271 111 212 212 114 115 0
user272 211 113 113 213 113 0
user273 112 211 211 214 215 0
user274 111 211 211 114 115 0
user275 111 113 113 113 114 0
user276 211 213 213 115 214 0
user277 111 112 112 215 115 0
user278 212 111 111 114 115 0
user279 113 112 112 213 113 0
user280 212 213 213 214 215 0
user281 211 212 212 113 114 0
user282 211 212 212 115 214 0
user283 211 111 111 215 115 0
user284 213 212 212 114 115 0
user285 112 211 211 213 113 0
user286 111 112 112 214 215 0
user287 211 213 213 114 115 0
user288 111 211 211 113 114 0
user289 213 112 112 115 214 0
user290 112 211 211 215 115 0
user291 111 212 212 114 115 0
